pays mortinfant   exportations   sante   importations   revenu   inflation   espvie  fertilite   pibh
 Venezuela  17.1 28.5 4.91 17.6 16500 45.9 75.4 2.47 13500
 Niger  123 22.2 5.16 49.1 814 2.55 58.8 7.49 348
 Cameroon  108 22.2 5.13 27 2660 1.91 57.3 5.11 1310
 Belarus  5.5 51.4 5.61 64.5 16200 15.1 70.4 1.49 6030
 Vietnam  23.3 72 6.84 80.2 4490 12.1 73.1 1.95 1310
 Kenya  62.2 20.7 4.75 33.6 2480 2.09 62.8 4.37 967
 Kazakhstan  21.5 44.2 4.29 29.9 20100 19.5 68.4 2.6 9070
 Costa-Rica  10.2 33.2 10.9 35 13000 6.57 80.4 1.92 8200
 Burkina-Faso  116 19.2 6.74 29.6 1430 6.81 57.9 5.87 575
 Bulgaria  10.8 50.2 6.87 53 15300 1.11 73.9 1.57 6840
 Sri-Lanka  11.2 19.6 2.94 26.8 8560 22.8 74.4 2.2 2810
 Botswana  52.5 43.6 8.3 51.3 13300 8.92 57.1 2.88 6350
 Switzerland  4.5 64 11.5 53.3 55500 0.317 82.2 1.52 74600
 Portugal  3.9 29.9 11 37.4 27200 0.643 79.8 1.39 22500
 China  15.7 26.3 5.07 22.6 9530 6.94 74.6 1.59 4560
 Hungary  6 81.8 7.33 76.5 22300 2.33 74.5 1.25 13100
 Mozambique  101 31.5 5.21 46.2 918 7.64 54.5 5.56 419
 Moldova  17.2 39.2 11.7 78.5 3910 11.1 69.7 1.27 1630
 Algeria  27.3 38.4 4.17 31.4 12900 16.1 76.5 2.89 4460
 Togo  90.3 40.2 7.65 57.3 1210 1.18 58.7 4.87 488
 Guyana  37.6 51.4 5.38 79.1 5840 5.73 65.5 2.65 3040
 South-Africa  53.7 28.6 8.94 27.4 12000 6.35 54.3 2.59 7280
 Uruguay  10.6 26.3 8.35 25.4 17100 4.91 76.4 2.08 11900
 Malaysia  7.9 86.9 4.39 71 21100 7.27 74.5 2.15 9070
 Bosnia-and-Herzegovina  6.9 29.7 11.1 51.3 9720 1.4 76.8 1.31 4610
 Bahrain  8.6 69.5 4.97 50.9 41100 7.44 76 2.16 20700
 Paraguay  24.1 55.1 5.87 51.5 7290 6.1 74.1 2.73 3230
 Tunisia  17.4 50.5 6.21 55.3 10400 3.82 76.9 2.14 4140
 Lebanon  10.3 35.8 7.03 60.2 16300 0.238 79.8 1.61 8860
 Ecuador  25.1 27.9 8.06 32.4 9350 7.47 76.7 2.66 4660
 St.-Vincent-and-the-Grenadines  20.7 26.9 4.47 57.1 9920 4.44 71.6 2.07 6230
 Turkmenistan  62 76.3 2.5 44.5 9940 2.31 67.9 2.83 4440
 Sierra-Leone  160 16.8 13.1 34.5 1220 17.2 55 5.2 399
 United-Kingdom  5.2 28.2 9.64 30.8 36200 1.57 80.3 1.92 38900
 South-Korea  4.1 49.4 6.93 46.2 30400 3.16 80.1 1.23 22100
 Namibia  56 47.8 6.78 60.7 8460 3.56 58.6 3.6 5190
 Guatemala  35.4 25.8 6.85 36.3 6710 5.14 71.3 3.38 2830
 Russia  10 29.2 5.08 21.1 23100 14.2 69.2 1.57 10700
 Bahamas  13.8 35 7.89 43.7 22900 -0.393 73.8 1.86 28000
 Panama  19.7 70 8.1 78.2 15400 2.59 77.8 2.62 8080
 Grenada  14.6 23.8 5.86 49.2 11200 0.48 71.3 2.24 7370
 Congo-Rep.-Dem.  63.9 85.1 2.46 54.7 5190 20.7 60.4 4.95 2740
 Germany  4.2 42.3 11.6 37.1 40400 0.758 80.1 1.39 41800
 Finland  3 38.7 8.95 37.4 39800 0.351 80 1.87 46200
 Gabon  63.7 57.7 3.5 18.9 15400 16.6 62.9 4.08 8750
 Netherlands  4.5 72 11.9 63.6 45500 0.848 80.7 1.79 50300
 Spain  3.8 25.5 9.54 26.8 32500 0.16 81.9 1.37 30700
 Jamaica  18.1 31.3 4.81 49.6 8000 9.81 74.7 2.17 4680
 Italy  4 25.2 9.53 27.2 36200 0.319 81.7 1.46 35800
 Lithuania  6.1 65.3 7.04 67.2 21100 2.38 73.2 1.5 12000
